id,0,1,2,3,4,5,6
0,0.07765222783375494,0.066508262851303,0.17083351666345656,0.04268315705587623,0.27969668742291076,0.07806433184720264,0.2845618163254958
1,0.02589482555711641,0.037288790771071716,0.1341922238761685,0.0331582067049538,0.4602537775621265,0.03849260196390828,0.27071957356465476
2,0.36699301607236234,0.1266713782404472,0.18116121728677057,0.053100820230446794,0.12323523013511938,0.09905023999458562,0.0497880980402681
3,0.16206893801724964,0.0741790306547564,0.18521848412893163,0.04627727510463195,0.21652971169875057,0.10911443698894971,0.20661212340673002
4,0.03622930227182344,0.46241103454947674,0.06687686190795494,0.2842765658504082,0.02797080198749988,0.07907378172778379,0.04316165170505285
5,0.1455398762911027,0.15770010095379247,0.2730230808513972,0.08376154558222236,0.08102630439074894,0.17260526971913595,0.08634382221160034
6,0.02522878811882181,0.11241606004988516,0.15475055761197765,0.5560083879368686,0.02219867368342083,0.06514658271303034,0.06425094988599578
7,0.1127786353269521,0.07905054099538227,0.11237476385236683,0.07787311222780341,0.27114200705873603,0.25290445031411707,0.09387649022464235
8,0.431831259974774,0.04782461837535515,0.034549468910457265,0.024000811785452453,0.01723604348554367,0.02822560074927599,0.41633219671914146
9,0.1144085446658398,0.18425471313981814,0.07961338618861112,0.24960201453923087,0.11656918409832823,0.14520624249991848,0.11034591486825339
10,0.06502289781948448,0.07427243052457218,0.24523387823116272,0.11240648985155306,0.2898899590417696,0.13473833326032014,0.07843601127113767
11,0.2640175266665626,0.03809163972514486,0.17940210528309958,0.21152401640281698,0.17180289629401613,0.06313689021676143,0.0720249254115985
12,0.11723809490468726,0.4100261467552933,0.10534874975820234,0.0831176776030622,0.10029340746312021,0.06484464400332621,0.11913127951230869
13,0.20074976474239464,0.15437775148828783,0.15958438473650693,0.05453860451507877,0.21976527863959325,0.1083516896474568,0.10263252623068168
14,0.13223632674070612,0.2504440989568869,0.0968592351001561,0.249025734112179,0.06134358859510351,0.10139421792399626,0.10869679857097214
15,0.07474397659907106,0.1845533997582654,0.03517772336379493,0.28966432429709854,0.08659281505589476,0.1179459316599902,0.211321829265885
16,0.1513604119653917,0.0802785035455308,0.11890503589063958,0.06452621146004664,0.23433416526057452,0.11795839086809226,0.23263728100972458
17,0.08082308457935246,0.30757733774705565,0.12082642706284483,0.26929425044814326,0.03990340355226056,0.11718313175770367,0.06439236485263948
18,0.5001468288325245,0.046291479835360624,0.10433597739277146,0.028879368312480693,0.1427876529944723,0.05281822496240845,0.12474046766998188
19,0.10127795464949378,0.0788963432162323,0.2911512336024082,0.07923331863799306,0.046800916079075265,0.13407069898400473,0.26856953483079266
20,0.16448549101661686,0.07528508812148593,0.18798021187785033,0.04696729929634189,0.2197583101622146,0.0858997105916221,0.21962388893386828
21,0.12075755435447641,0.05302795859016708,0.15397484923380245,0.05368341401324703,0.437637466818136,0.11212231945962904,0.06879643753054195
22,0.07931979972695338,0.13377338145456924,0.10140035698000269,0.5130715401487218,0.02821194072100845,0.110616077283612,0.03360690368513237
23,0.06450267786444251,0.06978632471706327,0.0817726469050575,0.06076097996722834,0.21316928932639442,0.11131080773507324,0.39869727348474077
24,0.11274075376763687,0.05262370987629001,0.042629755862546186,0.5180724028904357,0.05175820755495482,0.17828512064690585,0.043890049401230466
25,0.27916022706920274,0.08909822768868274,0.1076608382258844,0.1373608900966386,0.03977299386272988,0.3148660824811781,0.03208074057568364
26,0.11900283057009428,0.06783134460991445,0.15026617476879847,0.05676405187365972,0.2093182422820532,0.3103363319325855,0.0864810239628944
27,0.1354983669371759,0.16274768096556044,0.031167279408065362,0.5085320199707931,0.03625978013311317,0.09301419461180971,0.032780677973482136
28,0.4270109706138619,0.0872163811840552,0.09850838431963173,0.04315949106558569,0.08540369124563306,0.13568103504191012,0.12302004652932237
29,0.07349784073925475,0.1158180917140801,0.4565315643274477,0.11293289021409629,0.1125559754536024,0.086740911341645,0.041922726209873605
30,0.1724407662063866,0.02749057635558002,0.3342247671799345,0.02872626125898098,0.27027717710859445,0.08821350687991523,0.07862694501060827
31,0.13847721122339055,0.07220275788713224,0.16958413403100764,0.04237099585844119,0.19103220209182226,0.16876603446882088,0.21756666443938522
32,0.12851123003074244,0.11074987703048828,0.12015179880257258,0.2687278540399656,0.09629628502201164,0.17710896953892222,0.0984539855352972
33,0.6618230981619911,0.04915337266173196,0.030268575671358558,0.04649842538809741,0.029545603974792965,0.1440813335447159,0.03862959059731211
34,0.11321942527522301,0.08880401941272241,0.15158722349905346,0.06355608884761989,0.29082485656393414,0.16251187126614014,0.12949651513530688
35,0.23458075834199515,0.041343218019424144,0.23944549964730905,0.09437087377283686,0.2419432279705297,0.10407183127028018,0.044244590977625
36,0.15516063046115583,0.135936837504065,0.09447714145530003,0.15537374424246336,0.054493990558668964,0.16511081023268753,0.23944684554565923
37,0.048512314488788386,0.07850843727707249,0.11199635711484028,0.06546453265316612,0.4648339185092618,0.19309383516619427,0.0375906047906767
38,0.15369787884698077,0.12760262203395478,0.1514067728240643,0.048311845735967994,0.33280540257199026,0.09626832795755055,0.08990715002949143
39,0.0734973562639264,0.2845901789107268,0.1138097940941567,0.24095348159801816,0.05521088260769633,0.13364026492799938,0.09829804159747617
40,0.37444803910729935,0.1398378203263842,0.16740721479670462,0.050556732304073114,0.08897851787326407,0.09808030720210371,0.08069136839017112
41,0.46364020445477505,0.061672493958785886,0.07156034727720562,0.04931273313002153,0.1520572965967967,0.0752728326769286,0.1264840919054865
42,0.1423233881709453,0.06178102204589504,0.15831892634441042,0.03854266263965923,0.17265341234715015,0.12983525851127994,0.29654532994065996
43,0.38283753684330274,0.21127791707257976,0.11260693246683104,0.03992752060323819,0.12601142033694462,0.09933061227105593,0.02800806040604785
44,0.2538156606234859,0.07188323885276755,0.165355540192182,0.053843922143228175,0.21052599735410876,0.07625842138551193,0.1683172194487156
45,0.14427458945122928,0.11427840613802703,0.23668342828302516,0.13104951569930293,0.05916302400078985,0.1432916233429786,0.17125941308464718
46,0.06562007030425099,0.10018323354504699,0.12762540407940348,0.09376440951426496,0.2462887006697902,0.16386787552981674,0.20265030635742676
47,0.5767472073172212,0.08257433888227483,0.055756218084880516,0.07044475467079456,0.04504794661164938,0.11601407598157366,0.05341545845160579
48,0.1990097015712409,0.08122942609097451,0.10387979048599756,0.0765409523073605,0.1867853254824657,0.12032627396764886,0.23222853009431188
49,0.05593763771824896,0.1062327441377956,0.11289401572091713,0.3208347815309516,0.0429449297258184,0.30763168632893223,0.05352420483733596
50,0.060399529876918726,0.06881753121313923,0.09759151521662444,0.42775255574173,0.09567866269221528,0.1472424814183473,0.10251772384102498
51,0.14437804576590943,0.23639137789306106,0.1278302038391053,0.06625108459640014,0.14953286182469044,0.08789519143938354,0.18772123464145005
52,0.12514008778169122,0.09935914796998022,0.2470858707832185,0.19776505211320067,0.07577403271656756,0.14555849648107888,0.10931731215426309
53,0.09371836112032231,0.0651873520562004,0.349346983608976,0.03227141726367987,0.13352333550340884,0.05011589782536219,0.2758366526220504
54,0.09167634426302969,0.21795299259887693,0.07783787532720504,0.4220426608879028,0.054697456083253944,0.07251271726810862,0.06327995357162307
55,0.13599303343943403,0.030194002859522708,0.02615253158926946,0.5697938821562799,0.04978969692031381,0.15790703287082283,0.030169820164357177
56,0.1705165618562719,0.07474165088042256,0.18662329711203957,0.04662827094176768,0.21817200864148592,0.08527965284981903,0.2180385577181933
57,0.5563096587522677,0.06455630063088008,0.041000924568624746,0.07108391488821901,0.03477194141785772,0.1858044254496207,0.04647283429253002
58,0.12226850982215873,0.10406438643998966,0.1948530348509031,0.07549843326201283,0.18072095597762466,0.2722852522968767,0.05030942735043428
59,0.20120343973119237,0.12077263090440761,0.061453980766821244,0.26369697174169965,0.10585927925074456,0.14447559025997495,0.10253810734515963
60,0.2426765812395247,0.03185405774757049,0.15395129447352784,0.02661444946608864,0.09984772073349057,0.04507940774270516,0.39997648859709267
61,0.1528959852320098,0.1157294947070765,0.23065519719051733,0.07607364500773853,0.06707381433214839,0.12727878648847574,0.23029307704203372
62,0.17531102796658354,0.11678048127198941,0.14083091051258387,0.051388866137162856,0.27920967034358357,0.07787457858128666,0.1586044651868101
63,0.16866274055832817,0.07033946007795315,0.1990311747354964,0.04583793806956275,0.18080319928060892,0.063631547152767,0.2716939401252836
64,0.18212272442131439,0.07587025414383826,0.16821849562969599,0.06755904544192001,0.2032058431872107,0.07539998195890868,0.2276236552171119
65,0.15864869524639874,0.09927383035267538,0.1856189307121053,0.03762591832215176,0.31826100399581986,0.05675432495159738,0.14381729641925153
66,0.41838791482450255,0.04818991023252287,0.13057100297674712,0.0354242632658761,0.2720745827001147,0.05252323690565084,0.042829089094586055
67,0.09945259826221775,0.10266554775967256,0.051100801278749816,0.049462298741031585,0.07602890339804805,0.06511167398279576,0.5561781765774845
68,0.10678758396097908,0.05922702610347177,0.26777733963208494,0.05165347138320586,0.038393288666119886,0.11189429807764811,0.3642669921764903
69,0.05624846500686344,0.07072419795232311,0.19749922189722025,0.15406261259157789,0.06038878931615379,0.15402724510123106,0.3070494681346305
70,0.08076942935816905,0.18520281469255168,0.15661894637304127,0.3270270715257944,0.05998574683594814,0.11942696823750612,0.07096902297698934
71,0.04158118675002753,0.08198003724534246,0.06456868479612206,0.05430060348247293,0.1334794733404302,0.08371769293193702,0.5403723214536679
72,0.5327032300489115,0.050204674956831195,0.13569558141302496,0.03692197970239073,0.1314730706097246,0.05660104383274552,0.05640041943637157
73,0.24946816870124666,0.04844870644771334,0.14751793373591815,0.03904303671823131,0.22945582034713147,0.15613897539597724,0.12992735865378172
74,0.12493145487619617,0.1764499270541003,0.20348702151587528,0.11728711350831067,0.16923925227344105,0.11901956647097635,0.0895856643011002
75,0.08746045489444658,0.05143433366543434,0.1406622871950186,0.031898852028494615,0.18021760597345993,0.05587527520904139,0.4524511910341046
76,0.15811771891623297,0.07237055577731395,0.1807028821801258,0.045149041307499506,0.21125074619636247,0.12128752676842681,0.2111215288540384
77,0.2742490992059347,0.05851005359782492,0.1888639081993871,0.05629408939149173,0.1908645185009115,0.0650078375131491,0.1662104935913009
78,0.5402152714354073,0.05047996994443734,0.05082509028463027,0.06502570620395179,0.03890536610264156,0.22607863020947871,0.028469965819453002
79,0.1450326049962769,0.053948973310897624,0.1389436664928377,0.04247337703088992,0.2278676403202222,0.083359013929823,0.30837472391905263
80,0.089100571820511,0.1463996736810064,0.23398513547308922,0.14423377192057504,0.19932839977946287,0.09138420611753965,0.09556824120781596
81,0.04699597332392529,0.3123451882095493,0.07075224852336773,0.43308654527180435,0.04548861596839255,0.06097793696920564,0.030353491733754952
82,0.048184250896675225,0.13107200440811262,0.07128491256826991,0.4521079151789806,0.06404811608957653,0.18324197242319482,0.05006082843519033
83,0.04804575743147443,0.04389263022686687,0.25622917166361076,0.04166706399789205,0.22213338083381629,0.11568931234331452,0.2723426835030251
84,0.09625729391444263,0.2893111652280791,0.09210807862476258,0.03721883765148857,0.22554838781889888,0.12959249671237305,0.12996374004995526
85,0.1486760397368129,0.1508136808403109,0.16991257574239402,0.05580303580385718,0.19863633596030397,0.0776434973465869,0.1985148345697341
86,0.6096196193546135,0.14072644934356357,0.03788312028160413,0.024439961840788033,0.030112764169676676,0.12321194872332018,0.03400613628643397
87,0.03946651445114166,0.2622640616717979,0.054935218460578035,0.3622767685041692,0.11336620293405528,0.1133610661153915,0.05433016786286649
88,0.12294135528812697,0.06590300744955802,0.255537947640684,0.08936384253164276,0.07303298158336677,0.11547033090979188,0.2777505345968296
89,0.17471781587515972,0.07079351941250357,0.13652402556843457,0.05872119763376082,0.14960763867596547,0.1162592910618666,0.29337651177230933
90,0.025419771586970927,0.44177710714002927,0.04941519900251301,0.2570852870720974,0.020852238900602137,0.09879825925818722,0.10665213703960026
91,0.07343602387020225,0.21684035137595475,0.18223349703492372,0.07772588610901816,0.11917305890267721,0.15820323270852302,0.17238794999870088
92,0.16251767498829722,0.08547054533398989,0.054238004802119426,0.18429486889412397,0.08292004453987965,0.14474226233279988,0.2858165991087899
93,0.17333843937292065,0.1945457485729399,0.08463846607122302,0.09043699463199353,0.17639011407257899,0.1283705689401872,0.1522796683381567
94,0.15659367218903408,0.07556285004132757,0.18867375884506873,0.04714058364185898,0.2205691014046092,0.09102584964465242,0.2204341842334489
95,0.09926721013236382,0.1335474847752335,0.17658808776929472,0.08535898658024248,0.23253795045407016,0.10081756095525314,0.17188271933354218
96,0.05491844178436156,0.37261240821268965,0.26936067647865736,0.054324693856439885,0.051266197343485954,0.1638007276733692,0.03371685465099646
97,0.5395623780782214,0.043184695174604736,0.16482958200083356,0.06443236752096901,0.04480237881520084,0.10687056076420093,0.03631803764596947
98,0.11383203645736403,0.20892472117403846,0.048081604180515394,0.39852404537928365,0.0339828868999962,0.14042375178347466,0.05623095412532759
99,0.16448549101661686,0.07528508812148593,0.18798021187785033,0.04696729929634189,0.2197583101622146,0.0858997105916221,0.21962388893386828
100,0.13266500737853565,0.11693765240674883,0.16222744812107057,0.06558477473741649,0.15578917558641428,0.30896548227492376,0.0578304594948904
101,0.1801357015779048,0.17455061184132903,0.09130429714756597,0.06611209494734968,0.16966348871336617,0.08563665225584045,0.23259715351664373
102,0.030101505169830987,0.32901655884436853,0.21115377886194012,0.23988814489864443,0.06100315004857932,0.10022262441110381,0.02861423776553278
103,0.4749163830632672,0.08884482319287926,0.05428073320958995,0.030695640129308206,0.27557669650396255,0.04775885462327462,0.027926869277718182
104,0.08530774682622333,0.19313090867169827,0.224513989294734,0.16641257144628055,0.08950064559331826,0.20388781830154187,0.03724631986620364
105,0.2271640899639622,0.11901459858979145,0.25703478776446576,0.10302651132229085,0.10890027963790778,0.14681082424350272,0.03804890847807921
106,0.1242554242895515,0.21805068831632313,0.24406883367850543,0.056710200129319585,0.16814039174695253,0.10843839081756733,0.0803360710217806
107,0.07296784881912212,0.06682931311018932,0.16527423228592256,0.04010829100542779,0.2764582345688512,0.13157968182576496,0.24678239838472207
108,0.1692701435245077,0.06664887562062567,0.26610146191519407,0.04986676649021203,0.15718949331979112,0.09158761940060321,0.19933563972906618
109,0.16448549101661686,0.07528508812148593,0.18798021187785033,0.04696729929634189,0.2197583101622146,0.0858997105916221,0.21962388893386828
110,0.5739718283306069,0.10441709665507425,0.04686801257237229,0.05767995195389058,0.039640006312465066,0.15027116000984503,0.02715194416574598
111,0.06714731250593875,0.06636176861805232,0.15090180631275868,0.04330946153677873,0.2618422868007761,0.26580021381588503,0.14463715040981034
112,0.20036492003439432,0.06787797961711542,0.21953684619191471,0.03539830585752599,0.09106838781097139,0.11684762474477454,0.2689059357433036
113,0.048181687254349966,0.05333731169700803,0.11767456294163707,0.056314321479392214,0.3923246394519607,0.0865209874316692,0.24564648974398273
114,0.11918420611087585,0.10055169004611987,0.21202947114872436,0.0353301299318321,0.29044483082048067,0.09441721957383781,0.1480424523681294
115,0.17628000916147654,0.16814880805898832,0.12394726167451013,0.043540351016054926,0.1936539038786545,0.07963207609061015,0.2147975901197054
116,0.05224272709007312,0.053666472930208195,0.038848812794338564,0.05167111173405591,0.023650530588184164,0.04624609567791158,0.7336742491852286
117,0.03449705017018814,0.21726575594287414,0.29213876828881574,0.20473027454893433,0.07033434258474505,0.14815555050126555,0.032878257963177136
118,0.09965616048455626,0.27537257788161507,0.1195798460860864,0.07177079517974819,0.10562151929737695,0.1542175478947917,0.17378155317582558
119,0.08802503400542566,0.2624148781924135,0.2929320363045285,0.0796267600799458,0.13720127159679385,0.10179760822289158,0.038002411598001065
120,0.14051795353495417,0.08264068503792496,0.1378782953221866,0.07607574674772491,0.257749917101238,0.10391343645488942,0.20122396580108184
121,0.07704670949411875,0.15575622564917063,0.10827987798387116,0.21784703460958293,0.11022114462379029,0.20485572028992927,0.12599328734953702
122,0.40956740274683046,0.03772595339524158,0.14693062581736882,0.02591178151435639,0.08915578449736568,0.12854311451985118,0.16216533750898593
123,0.10293601296569617,0.16270861797655434,0.06657074078474759,0.1772826699216796,0.254736912184123,0.15353487096651647,0.08223017520068283
124,0.5355143998966251,0.04901917685160298,0.06569599462000385,0.05192450647696676,0.025297054133342507,0.22167167531273538,0.05087719270872342
125,0.12049330325063494,0.06710585601696191,0.161180444729448,0.10376620807377476,0.13801519956473443,0.1640613584808956,0.24537762988355052
126,0.13174821269732662,0.159118524613979,0.13086495385213606,0.11105958763365965,0.1875526231185492,0.22410535033372378,0.05555074775062576
127,0.2710698742150884,0.07353030667875242,0.0964777168209633,0.07135526581691273,0.08429856940924903,0.2573075985598211,0.14596066849921296
128,0.028364013236299227,0.05401102549989263,0.08536315647746015,0.4735359114938524,0.04018296526308111,0.0305664721512303,0.2879764558781841
129,0.0936014644311116,0.05307508947727666,0.16238394371135287,0.07596750013643,0.25269674244271056,0.16599070423285736,0.1962845555682609
130,0.06572538761718587,0.09645769119989306,0.07674098582445242,0.21770284960453826,0.09641930957238914,0.41066743825793706,0.03628633792360408
131,0.09750452779024059,0.08984631841009573,0.2132741834072654,0.10998994280287858,0.03872299135909446,0.3062806444467103,0.14438139178371479
132,0.04310821816391789,0.08890466611688252,0.0608682975557735,0.3979672833133985,0.028160556638100027,0.21628312219274415,0.16470785601918353
133,0.08594949442035874,0.31832916739404715,0.20335401349923168,0.08129406370878002,0.09979385961114695,0.06801250994787023,0.1432668914185652
134,0.2587833753276191,0.14494408363306602,0.08788762348543859,0.06678749907044328,0.12688053379553055,0.14317081559206093,0.17154606909584155
135,0.144460030166333,0.13877900858092942,0.15731424738662417,0.04375167745598345,0.18597458758564808,0.13683490357338837,0.19288554525109342
136,0.1613948780109578,0.0819378437200279,0.29427869068251394,0.05751573161442362,0.16478872146962922,0.10716736874761822,0.13291676575482922
137,0.16448549101661686,0.07528508812148593,0.18798021187785033,0.04696729929634189,0.2197583101622146,0.0858997105916221,0.21962388893386828
138,0.33725389061638716,0.056881545400235774,0.0998084320872834,0.034091401231918325,0.23752499972592103,0.09110653775128819,0.14333319318696627
139,0.05386940664299593,0.34569189441054443,0.11592527989414868,0.20355698327483895,0.1036163450816034,0.13704134413518992,0.04029874656067894
140,0.07340446929099406,0.17128179743932878,0.2236216115216604,0.14596008385668155,0.04713089903066138,0.2014754261295438,0.1371257127311301
141,0.22524147230617367,0.09917603259442812,0.19238188734770553,0.04324948910528158,0.24162013992988396,0.11365197959620776,0.0846789991203195
142,0.33479829746593076,0.046377528282784554,0.2254018396838543,0.03548885642955357,0.2283763914486963,0.08753575880935764,0.042021327879822955
143,0.08145401771191099,0.17779671017143397,0.15824277515540208,0.07813116379799168,0.15551451260050234,0.263279620832891,0.08558119972986784
144,0.08647576782875425,0.033284383869914974,0.05045479340963112,0.02270411141216552,0.18718248160974923,0.04104505372302189,0.578853408146763
145,0.035171234628163794,0.15465190546197938,0.08711404570233053,0.130376012248644,0.02589302459634759,0.3957718945909814,0.17102188277155336
146,0.1094685053972483,0.17300215675628897,0.06901842322011233,0.4726288310356272,0.0505028932387883,0.06695196231926608,0.05842722803266869
147,0.15798936575990694,0.10237887359489241,0.18055619536068515,0.0495398251377023,0.21107926193617718,0.08750632872370803,0.21095014948692803
148,0.15321873035587882,0.0812641180636358,0.12036488534564521,0.06531842815573113,0.23721118893650597,0.11940661794554341,0.22321603119705982
149,0.1341198474589912,0.07272461774093196,0.1618312589107941,0.08745581182185609,0.14522261970447983,0.1827539224696188,0.21589192189332787
150,0.06510161797792885,0.08592650777331526,0.2399286406314981,0.0684974363756244,0.041410740084000024,0.04152054423991086,0.4576145129177225
151,0.29488867563628485,0.05825244102791332,0.29781016119589965,0.07885934263913476,0.0486380971508952,0.08588205738483937,0.13566922496503284
152,0.0498112382135681,0.11748740430526229,0.1036191801001924,0.04475306032205023,0.13623385965384846,0.07799601277288869,0.4700992446321897
153,0.21311699356566766,0.09757766696692285,0.06257649966929403,0.048788792799000426,0.2279098263276157,0.23043055280727703,0.1195996678642223
154,0.10741033772800833,0.041169167608939045,0.1766550425964989,0.054299766204023506,0.24545036934065576,0.21302094985058884,0.16199436667128575
155,0.11022105926818032,0.05045855806334059,0.11942654169677382,0.034629605529196354,0.13971490144914553,0.10130233696635127,0.4442469970270122
156,0.12452768094366924,0.13946265012739448,0.09308253175170644,0.2087023633284213,0.11606315096109412,0.17502393724829302,0.14313768563942134
157,0.028189748023639057,0.08908560306312872,0.023055873697194345,0.7191390339449935,0.08244615795222526,0.03231170460757058,0.025771878711248416
158,0.02963668586531264,0.45367628028363466,0.06909021448311083,0.21380551517015137,0.03877791440238568,0.10385510072442626,0.0911582890709786
159,0.07235781707957427,0.12482459477699173,0.1018964296490889,0.14323244593368475,0.34165834198296813,0.17206970547015873,0.04396066510753339
160,0.06121012744139341,0.17987657275649807,0.17735407000485875,0.036844609109894344,0.2611462297323135,0.09175988569391455,0.19180850526112742
161,0.23684400449047238,0.19076848923039078,0.1606415841672106,0.03948432274554334,0.1930412762758281,0.12098754944337567,0.05823277364717908
162,0.16950398617113857,0.12853605699733525,0.11910407559204109,0.08447396831190873,0.07154363132341406,0.3915496585271889,0.03528862307697342
163,0.09396563354812208,0.15453657990765493,0.06449129538117601,0.03986487288846021,0.1136452592814024,0.31329354459042086,0.22020281440276346
164,0.16254161581983226,0.08849194096674277,0.1857586781176553,0.053895958403103884,0.22441163308616244,0.08959099894567697,0.19530917466082634
165,0.16644688115897427,0.10996371780390847,0.14057612418051188,0.038176895402670684,0.29649460585942977,0.0698227131537763,0.1785190624407287
166,0.1575410502281552,0.09514965701380475,0.23182471162617171,0.05562943997115412,0.21712012235934688,0.06556985983906183,0.17716515896230545
167,0.21897506393276236,0.09502592898184832,0.1505492592020331,0.05690713895471335,0.16192049690590685,0.12312433338034641,0.19349777864238968
168,0.2766938741785051,0.019823818864340776,0.26264228741107265,0.023365291574086136,0.22458842119157227,0.05708647255316698,0.13579983422725603
169,0.16336205643767684,0.0747708915759336,0.20731645686854416,0.05672417751425231,0.21825736267365636,0.08531301626008486,0.19425603866985192
170,0.17286445826417368,0.09095967796477214,0.09769847990154032,0.042110820899086084,0.13014304014217976,0.08774987213263295,0.37847365069561506
171,0.4790370114977177,0.10848828883710215,0.20199288036904067,0.04396441638720619,0.049972712409540064,0.0661966580430956,0.05034803245629768
172,0.03655804766959001,0.4777004829384109,0.06810232757362798,0.22157665645921307,0.05781589879766289,0.10462305457411707,0.033623531987378136
173,0.048084446579282535,0.07837119523860463,0.08691791440401068,0.1424693475047416,0.2030612802029592,0.16034158733181608,0.2807542287385852
174,0.039190021842837514,0.23442402882195468,0.06493816544490096,0.29700221530964627,0.182450300435581,0.15368225108141054,0.02831301706366911
175,0.12157021472347808,0.14607203616621645,0.05253801043975873,0.20796571724797852,0.041477138079091064,0.08910744870824248,0.34126943463523457
176,0.1440137601537682,0.07020163177736027,0.15536703133320232,0.04594909106183559,0.20436342492913448,0.07238690957364945,0.3077181511710496
177,0.08250724406038339,0.11244133797929194,0.12918895137480182,0.11542708648720132,0.18672079799179528,0.2598278809340082,0.11388670117251808
178,0.15296122729064618,0.09540761293323653,0.1836094760904348,0.0458752606513053,0.21464870047929704,0.08390245281932314,0.22359526973575714
179,0.06911603021125812,0.224899783665858,0.192083617814126,0.04084750453621401,0.1474365514968165,0.11931409090008886,0.2063024213756385
180,0.0723439254908983,0.3924669704641524,0.050180207377719124,0.12366955704967067,0.09122327160706813,0.21354750974204872,0.05656855826844263
181,0.0568685215618799,0.4290391150318537,0.11823903298090252,0.11888708854964841,0.07713506771866747,0.0920892276041143,0.10774194655293365
182,0.1933570997873734,0.10221213072484868,0.14942572243329785,0.07094177712109258,0.11456727210540942,0.252625848767198,0.11687014906078004
183,0.13517782868650366,0.04494669791171024,0.11571619763723355,0.05562120390310415,0.4841256743786028,0.05647239622496079,0.10794000125788478
184,0.1444050547565042,0.13874761617073483,0.2385079563732015,0.08437587927413688,0.11921427527697441,0.14353832783723408,0.13121089031121413
185,0.13178272649388406,0.13590052080392603,0.12320206392931908,0.058833322068962794,0.26002349102950034,0.0882090705842472,0.20204880509016063
186,0.12632847695502306,0.06441552189659489,0.12199130315973272,0.05422963072517826,0.296424253574322,0.07636713345831313,0.26024368023083594
187,0.0929938239248734,0.1853928263451622,0.14431504472732995,0.2661751727034687,0.06774150032529923,0.17433887974028922,0.06904275223357723
188,0.14060065130769608,0.09755211294611862,0.12159119080906412,0.10047621465336416,0.14748703510696037,0.12113807270369756,0.2711547224730992
189,0.0904116354122261,0.3021744415512138,0.07021153994390193,0.3589429960196665,0.04712037615963371,0.07405904863065908,0.05707996228269876
190,0.077364996717077,0.22927830635539176,0.08001819920797247,0.09929096771332174,0.04755398495893226,0.4163252864070584,0.05016825864024635
191,0.08891975216499581,0.1916263602453665,0.15006022317986983,0.21012291746784,0.09504087040326233,0.18807930845875429,0.07615056807991132
192,0.17663535561493243,0.08096449612124075,0.1597987723359087,0.10918086528289445,0.17832310781216673,0.22056614150137574,0.07453126133148119
193,0.24825961771989036,0.09649436661933186,0.057982864145493584,0.054359006992308896,0.0900733409467914,0.36940435158683926,0.08342645198934458
194,0.14279868397813114,0.23604712368241348,0.11075224689186383,0.1564308593537251,0.1429428123176549,0.10220416769325208,0.10882410608295942
195,0.15237892519136023,0.10122790699928504,0.18102265680124882,0.09436125797329956,0.21043871752882612,0.12461022338300447,0.13596031212297574
196,0.08147248916323813,0.09062265224011948,0.0940614829831354,0.09235360404947625,0.11104331779220405,0.296115850802098,0.2343306029697287
197,0.1480749740044909,0.13141203154942568,0.08268504319699986,0.07215853178835252,0.16503389925154868,0.12359401825462622,0.2770415019545561
198,0.16448549101661686,0.07528508812148593,0.18798021187785033,0.04696729929634189,0.2197583101622146,0.0858997105916221,0.21962388893386828
199,0.05768670183216376,0.2706907357907035,0.12429427255278501,0.2678095855916902,0.0491324524421368,0.13711434619609084,0.09327190559442981
200,0.1567816988730621,0.07569691448816543,0.18900850592115906,0.050357560826813724,0.2209604375513157,0.08636960133087027,0.22082528100861357
201,0.08997310587274127,0.09653619272762448,0.08546662686662591,0.045164790995834724,0.13109573277850484,0.07673743667574137,0.4750261140829275
202,0.06101632939801499,0.07954828757941863,0.2640811775896873,0.14874019813994002,0.12769769618571342,0.12331192644814395,0.1956043846590817
203,0.6463661573923727,0.06910517708698266,0.03987921381697137,0.0645991760208555,0.036058358553816054,0.08883293892981933,0.05515897819918243
204,0.06770307807628842,0.17174224465009252,0.08486275570646176,0.4804953496918962,0.044858043208610116,0.09570427825332942,0.05463425041332145
205,0.06281692550981605,0.05517182954759535,0.020978923020265536,0.7118262831111167,0.021378358920156687,0.10833259547703847,0.019495084414011248
206,0.21504394593405438,0.05988166927786921,0.11999337093467527,0.11004607755635724,0.2920661633353466,0.11541938406792553,0.08754938889377185
207,0.13363638987950732,0.15590036216101746,0.1577406189461397,0.11755503435280576,0.21771372381532814,0.1480113554798872,0.06944251536531455
208,0.05623429078409215,0.4229359057021306,0.08509966369391597,0.27326459999291464,0.032688953791570025,0.08963490783700083,0.040141678198375816
209,0.0505867708311143,0.2662806811626625,0.049903653983929284,0.28602972607308474,0.04126237230966125,0.22117824922636328,0.08475854641318455
210,0.18831448315276872,0.021547078944031763,0.24742513404798677,0.024661040135461346,0.20222099004502087,0.03705232010646719,0.27877895356826343
211,0.15811771891623297,0.07237055577731395,0.1807028821801258,0.045149041307499506,0.21125074619636247,0.12128752676842681,0.2111215288540384
212,0.15836250369762514,0.10970768457130116,0.18098263144424734,0.045218937320939824,0.21157778713826983,0.08270208607527842,0.2114483697523383
213,0.27123505331852255,0.11172965915138262,0.056894506022512226,0.050926717039312196,0.045563140950318194,0.34759206795624803,0.11605885556170402
214,0.15221920574934955,0.0543130431748252,0.1804530368022778,0.07168845116437046,0.2605083774424335,0.10798529177834164,0.17283259388840183
215,0.08109000387094091,0.3615937712044809,0.04721402027182246,0.34121570236604204,0.03197436295049323,0.06767674519176813,0.06923539414445241
216,0.08484607535235307,0.3049172038622008,0.16840105105465783,0.12329888810977906,0.14268694276481103,0.12149073155060464,0.054359107305593374
217,0.1403632262186321,0.06766059050258744,0.19254739359880307,0.043422688957792964,0.1870970619776421,0.07941688090366643,0.28949215784087595
218,0.08700159170467883,0.2907584959043128,0.23774268037223453,0.1643118336606226,0.05291065667778418,0.1215500386730418,0.0457247030073252
219,0.3276159529657506,0.19399913908491673,0.09819481972207382,0.1105004283542284,0.07785998816861273,0.1119197263716629,0.0799099453327549
220,0.036516928031852074,0.29015723650030406,0.04530241605023785,0.3605875977225608,0.04297493547968266,0.1966830996719696,0.02777778654339307
221,0.46895408469665323,0.05467274306621808,0.214526129265776,0.03656901765902268,0.04940894079139148,0.06501120673403718,0.11085787778690141
222,0.08673382017846712,0.0716170904010876,0.21963273486684415,0.09191368830581725,0.12226621612204759,0.09860331883857135,0.30923313128716484
223,0.03221266469298743,0.09415661182680249,0.16529146359134164,0.2933612668853856,0.026216399758770135,0.35675592310808857,0.03200567013662417
224,0.19216480150513332,0.129677505549575,0.144559274357818,0.06892893870376478,0.11273497978902822,0.25611747376997024,0.09581702632471042
225,0.14902419859895735,0.06484358762812878,0.2569065014672769,0.04045327253472018,0.19904697794065102,0.13773313163846204,0.15199233019180364
226,0.16335084351010282,0.08045486495710873,0.1866834939888565,0.04664331127341706,0.20745490348926665,0.08530716050206305,0.23010542227918526
227,0.313696707450861,0.03709044660479551,0.16096417998733092,0.08259681057522271,0.25235830711291557,0.11046994678867496,0.04282360148019938
228,0.1315987058555635,0.07307149754124444,0.16943091587578418,0.05520921855841604,0.32365778186106436,0.07195079973227676,0.17508108057565072
229,0.42898953277163665,0.0337717831939171,0.09435022574675832,0.04054672929633365,0.0878245525011088,0.19623977567134773,0.11827740081889791
230,0.1705165618562719,0.07474165088042256,0.18662329711203957,0.04662827094176768,0.21817200864148592,0.08527965284981903,0.2180385577181933
231,0.08769167993596355,0.3069849162829662,0.18322313234903614,0.15915798493092492,0.05324886344189866,0.14881754347067408,0.06087587958853646
232,0.021593754588463833,0.25752575608234984,0.053473965222343475,0.4727503409968118,0.020484380031467606,0.14505838076458888,0.02911342231397463
233,0.0709246980977041,0.26044992990419,0.14190667283332137,0.2946026482382263,0.05113413848947144,0.13218514238849863,0.04879677004858828
234,0.18809796330606038,0.09615977427397546,0.13236502097053163,0.05538805927413512,0.26571057108280616,0.07037894021999687,0.19189967087249446
235,0.04055803931637764,0.05733426277851179,0.21464428034017413,0.5488665953682063,0.04169908917646496,0.058772945539075076,0.03812478748119002
236,0.28902249018754467,0.1480138244644395,0.08891576661082717,0.13640272273813822,0.062482001453150554,0.18367085961729657,0.09149233492860337
237,0.04765410398696102,0.3217974858407361,0.12300151967333281,0.1906409089197126,0.04919757190334602,0.10027800251854205,0.16743040715736945
238,0.48501529806676036,0.027698646010809055,0.1456516082021652,0.0274945228752494,0.152929242516783,0.13632468936636302,0.02488599296187017
239,0.09066199463821947,0.2407102422118435,0.12220489500755607,0.17856694192685055,0.10039265045303652,0.07607097458188412,0.1913923011806097
240,0.1217749685100507,0.10715249760442334,0.22718694711126625,0.17137035761236433,0.11153148606093305,0.1366257354511846,0.1243580076497778
241,0.05772470051350212,0.16266934558491822,0.09839576033974959,0.3182466157337652,0.04783246376409913,0.18158786716376746,0.1335432469001982
242,0.05304171816342588,0.23632502198727437,0.06733006693832402,0.4012150377001464,0.047819973382031235,0.14624792652655494,0.04802025530224315
243,0.09536639416385419,0.04208115759545253,0.414407174113913,0.09792051461335334,0.2915404979747304,0.04068168445182955,0.01800257708686686
244,0.1708709521187567,0.07428371337048024,0.185479867618979,0.04634258238610344,0.21683528212822978,0.08948495352689313,0.21670264885055768
245,0.07498098132436783,0.16546644302142247,0.056483292520353535,0.28851345382331445,0.038827452354514784,0.09504962754283128,0.2806787494131956
246,0.16448549101661686,0.07528508812148593,0.18798021187785033,0.04696729929634189,0.2197583101622146,0.0858997105916221,0.21962388893386828
247,0.12681261416955883,0.18295066556846148,0.12448914949849538,0.13999339661550883,0.20104419927552727,0.10260122138842818,0.12210875348401995
248,0.07247235691892492,0.13229721536493028,0.11499468623489195,0.27425056922923735,0.14981802395915858,0.2142835746206386,0.0418835736722183
249,0.07537879865379948,0.38171665677208233,0.13199953880339096,0.10625280319070972,0.04763415475895073,0.17403520251709817,0.08298284530396863
250,0.03200773656696459,0.2091419070390054,0.05405924298423844,0.4085545046667408,0.09750092125216896,0.09318889035076997,0.10554679714011189
251,0.02878431226166848,0.20019206013106822,0.14642180397861612,0.3566205990403221,0.02676142809454306,0.2110440696916219,0.03017572680216024
252,0.16448549101661686,0.07528508812148593,0.18798021187785033,0.04696729929634189,0.2197583101622146,0.0858997105916221,0.21962388893386828
253,0.20186410014482034,0.09006588430983613,0.2347840630497744,0.04561407150494423,0.18950343256442556,0.07437540445876765,0.16379304396743188
254,0.1486387122975879,0.13003774242996471,0.10022374938210778,0.08750994589251258,0.2741671081293025,0.15809444290413655,0.10132829896438794
255,0.04745111975485031,0.18485211018443354,0.2128910236283533,0.14403508683728652,0.13793702794251933,0.2187496879188222,0.054083943733734756
256,0.061171679673667566,0.10038955125002029,0.07182381308416819,0.04737992511797907,0.2453084369833093,0.42634232432458746,0.04758426956626812
257,0.1775749443343975,0.0724490784695928,0.1457926285543709,0.07065032465931916,0.21342873230896342,0.10944866807901386,0.21065562359434234
258,0.3445996183726564,0.10580308438907045,0.09842813064698255,0.11439110098090916,0.04818302364039121,0.23924973976571734,0.04934530220427302
259,0.051519181190833686,0.35602488365882967,0.10273294496921286,0.1534839023979511,0.0336778125722927,0.10381094437490848,0.19875033083597146
260,0.06612347419298364,0.3041446379909758,0.15590340282178536,0.07400607197474539,0.10526682908247509,0.1446398054000262,0.14991577853700858
261,0.13412412371486124,0.23623297544727567,0.1385199491033836,0.0447817835335941,0.19673631743426817,0.0927350524991162,0.15686979826750105
262,0.0886717005971748,0.05530730020375129,0.13750458475855656,0.038524462239851676,0.22122369973229697,0.06885956898938064,0.3899086834789882
263,0.2297034788979567,0.12937301134718915,0.123476702539038,0.0530076451150338,0.22397993032756025,0.1360477021410831,0.1044115296321388
264,0.0905524591591658,0.28048232507059884,0.09133755355709881,0.17896386770843242,0.1046587879801093,0.16276879425450944,0.09123621227008534
265,0.1561840617013982,0.20380147472313215,0.13925732569105076,0.04597893348419548,0.26637104233382913,0.08491464697093619,0.10349251509545815
266,0.1017304894065148,0.12832294636207023,0.18745007672758043,0.06270010868651,0.2863062002120966,0.12436153697374047,0.10912864163148758
267,0.03918468077579473,0.17451421438014061,0.11096343817616104,0.24116053690725242,0.125739796752521,0.27734888049826095,0.031088452509869097
268,0.2635970131697796,0.03857952224984041,0.10438560478205619,0.18728057117751834,0.18765326682550795,0.17471910538798996,0.04378491640730742
269,0.12250215128466244,0.3398494662779796,0.06920683452040757,0.11020309233366159,0.1060362192824463,0.20299087738747,0.04921135891337254
270,0.2295742510340513,0.038053702732439035,0.19206351397458257,0.02588714708028395,0.1939705114861119,0.07160227267994586,0.2488486010125855
271,0.09324373447539588,0.0936353613492139,0.23471308641418265,0.061844721400837264,0.20223591633429697,0.26055617990055896,0.05377100012551446
272,0.05815386299152736,0.20876857453794226,0.08035590488101783,0.31759175497184,0.1383204115514971,0.15330607334459465,0.043503417721580694
273,0.1610240006323895,0.07210665506681838,0.21907085681306265,0.045978902971033214,0.20272553081543415,0.08409200694321474,0.21500204675804738
274,0.04539005567388689,0.04209371480773321,0.04244810302569433,0.5963981849447934,0.04079412021004186,0.10227423668203472,0.13060158465581564
275,0.07979612591331524,0.3393975730829009,0.10560801117821927,0.0947838876839646,0.07445848860221604,0.13015212263412954,0.1758037909052544
276,0.12104093086063766,0.2404762536911748,0.12471848830325229,0.12658401064848676,0.05464446620363219,0.16331720644507997,0.16921864384773638
277,0.13171476590876047,0.21544046764851907,0.15878901230893264,0.06011464511413199,0.17823424985575786,0.07997336969360477,0.1757334894702933
278,0.07073364045656275,0.05529650398353654,0.3013729959545793,0.041601229482318085,0.28232791558403386,0.08190953222813624,0.16675818231083334
279,0.07890640951354017,0.2803373211543956,0.06948291553268107,0.12021926850994516,0.09337697052950511,0.28835886178459413,0.0693182529753387
280,0.06818414900481239,0.06734266780484514,0.1347311076268217,0.04884033281158528,0.30459908342144226,0.26256225822475454,0.11374040110573864
